ngen <- 1:15
